{
 "cells": [
  {
   "cell_type": "code",
   "execution_count": 1,
   "metadata": {},
   "outputs": [],
   "source": [
    "# To clean enviroment variables \n",
    "%reset"
   ]
  },
  {
   "attachments": {},
   "cell_type": "markdown",
   "metadata": {},
   "source": [
    "## Classical Solution"
   ]
  },
  {
   "cell_type": "code",
   "execution_count": 2,
   "metadata": {},
   "outputs": [],
   "source": [
    "import numpy as np\n",
    "import pandas as pd\n",
    "import folium\n",
    "import matplotlib.pyplot as plt\n",
    "\n",
    "try:\n",
    "    import cplex\n",
    "    from cplex.exceptions import CplexError\n",
    "except:\n",
    "    print(\"Warning: Cplex not found.\")\n",
    "import math\n",
    "\n",
    "from qiskit.utils import algorithm_globals\n",
    "from qiskit_algorithms import SamplingVQE\n",
    "from qiskit_algorithms.optimizers import SPSA\n",
    "from qiskit.circuit.library import RealAmplitudes\n",
    "from qiskit.primitives import Sampler"
   ]
  },
  {
   "attachments": {},
   "cell_type": "markdown",
   "metadata": {},
   "source": [
    "### Clean dataset"
   ]
  },
  {
   "cell_type": "code",
   "execution_count": 4,
   "metadata": {},
   "outputs": [
    {
     "name": "stdout",
     "output_type": "stream",
     "text": [
      "             city      lat       lng\n",
      "0        New York  40.6943  -73.9249\n",
      "1     Los Angeles  34.1139 -118.4068\n",
      "2         Chicago  41.8373  -87.6862\n",
      "3           Miami  25.7839  -80.2102\n",
      "4          Dallas  32.7936  -96.7662\n",
      "5    Philadelphia  40.0077  -75.1339\n",
      "6         Houston  29.7863  -95.3889\n",
      "7         Atlanta  33.7627  -84.4224\n",
      "8      Washington  38.9047  -77.0163\n",
      "9          Boston  42.3188  -71.0846\n",
      "10        Phoenix  33.5722 -112.0891\n",
      "11        Seattle  47.6211 -122.3244\n",
      "12  San Francisco  37.7562 -122.4430\n",
      "13        Detroit  42.3834  -83.1024\n",
      "14      San Diego  32.8312 -117.1225\n"
     ]
    }
   ],
   "source": [
    "df = pd.read_csv(\"uscities.csv\")\n",
    "columnsNeeded = [\"city\", \"lat\", \"lng\"]\n",
    "# Inicialization of variables\n",
    "locationsNumber = 15 # OJO que en local me crashea si sobrepaso 5\n",
    "\n",
    "coordenatesDf = df[columnsNeeded].iloc[:locationsNumber]\n",
    "n = coordenatesDf.shape[0]  # number of nodes + depot (n+1)\n",
    "K = 3  # number of vehicles\n",
    "\n",
    "print(coordenatesDf)"
   ]
  },
  {
   "cell_type": "code",
   "execution_count": 5,
   "metadata": {},
   "outputs": [],
   "source": [
    "# Initialize instance values by calculate the squared Euclidean distances between a set of coordinates\n",
    "#  represented in the dataframe.\n",
    "\n",
    "def generate_instance(coordenatesDf):\n",
    "    n = coordenatesDf.shape[0]\n",
    "    \n",
    "    xc = coordenatesDf[\"lat\"]\n",
    "    yc = coordenatesDf[\"lng\"]\n",
    "    loc = coordenatesDf[\"city\"]\n",
    "    instance = np.zeros([n, n])\n",
    "    for ii in range(0, n):\n",
    "        for jj in range(ii + 1, n):\n",
    "            instance[ii, jj] = (xc[ii] - xc[jj]) ** 2 + (yc[ii] - yc[jj]) ** 2\n",
    "            instance[jj, ii] = instance[ii, jj]\n",
    "    return xc, yc, instance, loc"
   ]
  },
  {
   "cell_type": "code",
   "execution_count": 6,
   "metadata": {},
   "outputs": [
    {
     "name": "stdout",
     "output_type": "stream",
     "text": [
      "0     40.6943\n",
      "1     34.1139\n",
      "2     41.8373\n",
      "3     25.7839\n",
      "4     32.7936\n",
      "5     40.0077\n",
      "6     29.7863\n",
      "7     33.7627\n",
      "8     38.9047\n",
      "9     42.3188\n",
      "10    33.5722\n",
      "11    47.6211\n",
      "12    37.7562\n",
      "13    42.3834\n",
      "14    32.8312\n",
      "Name: lat, dtype: float64 0     -73.9249\n",
      "1    -118.4068\n",
      "2     -87.6862\n",
      "3     -80.2102\n",
      "4     -96.7662\n",
      "5     -75.1339\n",
      "6     -95.3889\n",
      "7     -84.4224\n",
      "8     -77.0163\n",
      "9     -71.0846\n",
      "10   -112.0891\n",
      "11   -122.3244\n",
      "12   -122.4430\n",
      "13    -83.1024\n",
      "14   -117.1225\n",
      "Name: lng, dtype: float64 0          New York\n",
      "1       Los Angeles\n",
      "2           Chicago\n",
      "3             Miami\n",
      "4            Dallas\n",
      "5      Philadelphia\n",
      "6           Houston\n",
      "7           Atlanta\n",
      "8        Washington\n",
      "9            Boston\n",
      "10          Phoenix\n",
      "11          Seattle\n",
      "12    San Francisco\n",
      "13          Detroit\n",
      "14        San Diego\n",
      "Name: city, dtype: object [[0.00000000e+00 2.02194109e+03 1.90679827e+02 2.61825024e+02\n",
      "  5.84146046e+02 1.93310056e+00 5.79687760e+02 1.58244585e+02\n",
      "  1.27594221e+01 1.07063043e+01 1.50723047e+03 2.39049216e+03\n",
      "  2.36263846e+03 8.70795651e+01 1.92786099e+03]\n",
      " [2.02194109e+03 0.00000000e+00 1.00340617e+03 1.52836915e+03\n",
      "  4.70058760e+02 1.90728075e+03 5.48551842e+02 1.15506278e+03\n",
      "  1.73612525e+03 2.30671100e+03 4.02067722e+01 1.97792042e+02\n",
      "  2.95572597e+01 1.31478529e+03 3.29474578e+00]\n",
      " [1.90679827e+02 1.00340617e+03 0.00000000e+00 3.13602228e+02\n",
      "  1.64234910e+02 1.60907671e+02 2.04558188e+02 7.58515556e+01\n",
      "  1.22446909e+02 2.75844965e+02 6.63813406e+02 1.23325724e+03\n",
      "  1.22469052e+03 2.13094476e+01 9.47605595e+02]\n",
      " [2.61825024e+02 1.52836915e+03 3.13602228e+02 0.00000000e+00\n",
      "  3.23237030e+02 2.28085308e+02 2.46412139e+02 8.14038783e+01\n",
      "  1.82356390e+02 3.56679493e+02 1.07692188e+03 2.25046915e+03\n",
      "  1.92694536e+03 2.83908221e+02 1.41218233e+03]\n",
      " [5.84146046e+02 4.70058760e+02 1.64234910e+02 3.23237030e+02\n",
      "  0.00000000e+00 5.19999642e+02 1.09408086e+01 1.53308553e+02\n",
      "  4.27404093e+02 7.50274014e+02 2.35397482e+02 8.73076343e+02\n",
      "  6.83925457e+02 2.78663694e+02 4.14380363e+02]\n",
      " [1.93310056e+00 1.90728075e+03 1.60907671e+02 2.28085308e+02\n",
      "  5.19999642e+02 0.00000000e+00 5.14742043e+02 1.25276257e+02\n",
      "  4.76003876e+00 2.17380137e+01 1.40710247e+03 2.28490715e+03\n",
      "  2.24322020e+03 6.91409427e+01 1.81454468e+03]\n",
      " [5.79687760e+02 5.48551842e+02 2.04558188e+02 2.46412139e+02\n",
      "  1.09408086e+01 5.14742043e+02 0.00000000e+00 1.36075879e+02\n",
      "  4.20697649e+02 7.47762555e+02 2.93229719e+02 1.04360125e+03\n",
      "  7.95443633e+02 3.09645011e+02 4.81620785e+02]\n",
      " [1.58244585e+02 1.15506278e+03 7.58515556e+01 8.14038783e+01\n",
      "  1.53308553e+02 1.25276257e+02 1.36075879e+02 0.00000000e+00\n",
      "  8.12904812e+01 2.51103756e+02 7.65482579e+02 1.62861685e+03\n",
      "  1.46151407e+03 7.60588685e+01 1.07016423e+03]\n",
      " [1.27594221e+01 1.73612525e+03 1.22446909e+02 1.82356390e+02\n",
      "  4.27404093e+02 4.76003876e+00 4.20697649e+02 8.12904812e+01\n",
      "  0.00000000e+00 4.68411437e+01 1.25853686e+03 2.12879955e+03\n",
      "  2.06490413e+03 4.91419669e+01 1.64539468e+03]\n",
      " [1.07063043e+01 2.30671100e+03 2.75844965e+02 3.56679493e+02\n",
      "  7.50274014e+02 2.17380137e+01 7.47762555e+02 2.51103756e+02\n",
      "  4.68411437e+01 0.00000000e+00 1.75787203e+03 2.65363149e+03\n",
      "  2.65850257e+03 1.44431690e+02 2.20950279e+03]\n",
      " [1.50723047e+03 4.02067722e+01 6.63813406e+02 1.07692188e+03\n",
      "  2.35397482e+02 1.40710247e+03 2.93229719e+02 7.65482579e+02\n",
      "  1.25853686e+03 1.75787203e+03 0.00000000e+00 3.02132957e+02\n",
      "  1.24709101e+02 9.17866022e+02 2.58841966e+01]\n",
      " [2.39049216e+03 1.97792042e+02 1.23325724e+03 2.25046915e+03\n",
      "  8.73076343e+02 2.28490715e+03 1.04360125e+03 1.62861685e+03\n",
      "  2.12879955e+03 2.65363149e+03 3.02132957e+02 0.00000000e+00\n",
      "  9.73303180e+01 1.56579879e+03 2.45800906e+02]\n",
      " [2.36263846e+03 2.95572597e+01 1.22469052e+03 1.92694536e+03\n",
      "  6.83925457e+02 2.24322020e+03 7.95443633e+02 1.46151407e+03\n",
      "  2.06490413e+03 2.65850257e+03 1.24709101e+02 9.73303180e+01\n",
      "  0.00000000e+00 1.56909379e+03 5.25633452e+01]\n",
      " [8.70795651e+01 1.31478529e+03 2.13094476e+01 2.83908221e+02\n",
      "  2.78663694e+02 6.91409427e+01 3.09645011e+02 7.60588685e+01\n",
      "  4.91419669e+01 1.44431690e+02 9.17866022e+02 1.56579879e+03\n",
      "  1.56909379e+03 0.00000000e+00 1.24861173e+03]\n",
      " [1.92786099e+03 3.29474578e+00 9.47605595e+02 1.41218233e+03\n",
      "  4.14380363e+02 1.81454468e+03 4.81620785e+02 1.07016423e+03\n",
      "  1.64539468e+03 2.20950279e+03 2.58841966e+01 2.45800906e+02\n",
      "  5.25633452e+01 1.24861173e+03 0.00000000e+00]]\n"
     ]
    }
   ],
   "source": [
    "# Initialize the problem by randomly generating the instance\n",
    "lat, lng, instance, loc = generate_instance(coordenatesDf)\n",
    "\n",
    "print(lat, lng, loc, instance)"
   ]
  },
  {
   "cell_type": "code",
   "execution_count": 211,
   "metadata": {},
   "outputs": [],
   "source": [
    "#print(instance)"
   ]
  },
  {
   "attachments": {},
   "cell_type": "markdown",
   "metadata": {},
   "source": [
    "### -------------------- Classical solution using IBM ILOG CPLEX --------------------"
   ]
  },
  {
   "cell_type": "code",
   "execution_count": 7,
   "metadata": {},
   "outputs": [],
   "source": [
    "class ClassicalOptimizer:\n",
    "    def __init__(self, instance, n, K):\n",
    "\n",
    "        self.instance = instance\n",
    "        self.n = n  # number of nodes\n",
    "        self.K = K  # number of vehicles\n",
    "\n",
    "    def compute_allowed_combinations(self):\n",
    "        f = math.factorial\n",
    "        return f(self.n) / f(self.K) / f(self.n - self.K)\n",
    "\n",
    "    def cplex_solution(self):\n",
    "\n",
    "        # refactoring\n",
    "        instance = self.instance\n",
    "        n = self.n\n",
    "        K = self.K\n",
    "\n",
    "        my_obj = list(instance.reshape(1, n**2)[0]) + [0.0 for x in range(0, n - 1)]\n",
    "        my_ub = [1 for x in range(0, n**2 + n - 1)]\n",
    "        my_lb = [0 for x in range(0, n**2)] + [0.1 for x in range(0, n - 1)]\n",
    "        my_ctype = \"\".join([\"I\" for x in range(0, n**2)]) + \"\".join(\n",
    "            [\"C\" for x in range(0, n - 1)]\n",
    "        )\n",
    "\n",
    "        my_rhs = (\n",
    "            2 * ([K] + [1 for x in range(0, n - 1)])\n",
    "            + [1 - 0.1 for x in range(0, (n - 1) ** 2 - (n - 1))]\n",
    "            + [0 for x in range(0, n)]\n",
    "        )\n",
    "        my_sense = (\n",
    "            \"\".join([\"E\" for x in range(0, 2 * n)])\n",
    "            + \"\".join([\"L\" for x in range(0, (n - 1) ** 2 - (n - 1))])\n",
    "            + \"\".join([\"E\" for x in range(0, n)])\n",
    "        )\n",
    "\n",
    "        try:\n",
    "            my_prob = cplex.Cplex()\n",
    "            self.populatebyrow(my_prob, my_obj, my_ub, my_lb, my_ctype, my_sense, my_rhs)\n",
    "\n",
    "            my_prob.solve()\n",
    "\n",
    "        except CplexError as exc:\n",
    "            print(exc)\n",
    "            return\n",
    "\n",
    "        x = my_prob.solution.get_values()\n",
    "        x = np.array(x)\n",
    "        cost = my_prob.solution.get_objective_value()\n",
    "\n",
    "        return x, cost\n",
    "\n",
    "    def populatebyrow(self, prob, my_obj, my_ub, my_lb, my_ctype, my_sense, my_rhs):\n",
    "\n",
    "        n = self.n\n",
    "\n",
    "        prob.objective.set_sense(prob.objective.sense.minimize)\n",
    "        prob.variables.add(obj=my_obj, lb=my_lb, ub=my_ub, types=my_ctype)\n",
    "\n",
    "        prob.set_log_stream(None)\n",
    "        prob.set_error_stream(None)\n",
    "        prob.set_warning_stream(None)\n",
    "        prob.set_results_stream(None)\n",
    "\n",
    "        rows = []\n",
    "        for ii in range(0, n):\n",
    "            col = [x for x in range(0 + n * ii, n + n * ii)]\n",
    "            coef = [1 for x in range(0, n)]\n",
    "            rows.append([col, coef])\n",
    "\n",
    "        for ii in range(0, n):\n",
    "            col = [x for x in range(0 + ii, n**2, n)]\n",
    "            coef = [1 for x in range(0, n)]\n",
    "\n",
    "            rows.append([col, coef])\n",
    "\n",
    "        # Sub-tour elimination constraints:\n",
    "        for ii in range(0, n):\n",
    "            for jj in range(0, n):\n",
    "                if (ii != jj) and (ii * jj > 0):\n",
    "\n",
    "                    col = [ii + (jj * n), n**2 + ii - 1, n**2 + jj - 1]\n",
    "                    coef = [1, 1, -1]\n",
    "\n",
    "                    rows.append([col, coef])\n",
    "\n",
    "        for ii in range(0, n):\n",
    "            col = [(ii) * (n + 1)]\n",
    "            coef = [1]\n",
    "            rows.append([col, coef])\n",
    "\n",
    "        prob.linear_constraints.add(lin_expr=rows, senses=my_sense, rhs=my_rhs)\n"
   ]
  },
  {
   "cell_type": "code",
   "execution_count": 8,
   "metadata": {},
   "outputs": [],
   "source": [
    "# Instantiate the classical optimizer class\n",
    "classical_optimizer = ClassicalOptimizer(instance, n, K)"
   ]
  },
  {
   "cell_type": "code",
   "execution_count": 9,
   "metadata": {},
   "outputs": [
    {
     "name": "stdout",
     "output_type": "stream",
     "text": [
      "Number of feasible solutions = 455.0\n"
     ]
    }
   ],
   "source": [
    "# Print number of feasible solutions\n",
    "print(\"Number of feasible solutions = \" + str(classical_optimizer.compute_allowed_combinations()))\n"
   ]
  },
  {
   "cell_type": "code",
   "execution_count": 10,
   "metadata": {},
   "outputs": [
    {
     "name": "stdout",
     "output_type": "stream",
     "text": [
      "[-0.0, -0.0, 1.0, -0.0, 0.0, -0.0, -0.0, 1.0, 1.0, -0.0, -0.0, -0.0, 0.0, -0.0, -0.0, -0.0, -0.0, -0.0, -0.0, -0.0, -0.0, -0.0, -0.0, -0.0, 1.0, 0.0, -0.0, 0.0, 1.0, -0.0, 0.0, 0.0, -0.0, 0.0, 0.0, 0.0, -0.0, -0.0, -0.0, -0.0, 0.0, -0.0, -0.0, -0.0, -0.0, 0.0, -0.0, 0.0, 1.0, 0.0, -0.0, -0.0, -0.0, -0.0, -0.0, -0.0, -0.0, 0.0, 1.0, -0.0, -0.0, 0.0, -0.0, -0.0, -0.0, -0.0, -0.0, -0.0, -0.0, -0.0, 1.0, -0.0, -0.0, -0.0, -0.0, -0.0, -0.0, -0.0, -0.0, -0.0, -0.0, -0.0, 0.0, -0.0, -0.0, 0.0, -0.0, 0.0, 0.0, -0.0, -0.0, -0.0, -0.0, 1.0, -0.0, -0.0, -0.0, 0.0, -0.0, -0.0, 0.0, 0.0, 0.0, -0.0, 1.0, 0.0, -0.0, -0.0, -0.0, -0.0, 0.0, -0.0, 0.0, -0.0, -0.0, 0.0, -0.0, -0.0, -0.0, -0.0, -0.0, -0.0, -0.0, -0.0, 1.0, -0.0, 1.0, -0.0, -0.0, -0.0, -0.0, -0.0, -0.0, -0.0, -0.0, -0.0, -0.0, -0.0, -0.0, -0.0, -0.0, 1.0, -0.0, -0.0, 0.0, -0.0, -0.0, -0.0, -0.0, -0.0, 0.0, -0.0, -0.0, 0.0, -0.0, 0.0, -0.0, -0.0, -0.0, -0.0, -0.0, -0.0, -0.0, -0.0, -0.0, 1.0, -0.0, 0.0, -0.0, 0.0, -0.0, -0.0, -0.0, -0.0, -0.0, -0.0, -0.0, -0.0, 0.0, 0.0, -0.0, 1.0, 0.0, -0.0, 0.0, -0.0, -0.0, 1.0, 0.0, -0.0, 0.0, -0.0, -0.0, -0.0, -0.0, -0.0, -0.0, -0.0, -0.0, -0.0, 1.0, -0.0, -0.0, -0.0, -0.0, -0.0, 0.0, 0.0, 0.0, -0.0]\n"
     ]
    }
   ],
   "source": [
    "# Solve the problem in a classical fashion via CPLEX\n",
    "x = None\n",
    "z = None\n",
    "try:\n",
    "    x, classical_cost = classical_optimizer.cplex_solution()\n",
    "    # Put the solution in the z variable\n",
    "    z = [x[ii] for ii in range(n**2) if ii // n != ii % n]\n",
    "    # Print the solution\n",
    "    print(z)\n",
    "except:\n",
    "    print(\"CPLEX may be missing.\")\n"
   ]
  },
  {
   "cell_type": "code",
   "execution_count": 11,
   "metadata": {},
   "outputs": [
    {
     "data": {
      "text/html": [
       "<div style=\"width:100%;\"><div style=\"position:relative;width:100%;height:0;padding-bottom:60%;\"><span style=\"color:#565656\">Make this Notebook Trusted to load map: File -> Trust Notebook</span><iframe srcdoc=\"&lt;!DOCTYPE html&gt;\n",
       "&lt;html&gt;\n",
       "&lt;head&gt;\n",
       "    \n",
       "    &lt;meta http-equiv=&quot;content-type&quot; content=&quot;text/html; charset=UTF-8&quot; /&gt;\n",
       "    \n",
       "        &lt;script&gt;\n",
       "            L_NO_TOUCH = false;\n",
       "            L_DISABLE_3D = false;\n",
       "        &lt;/script&gt;\n",
       "    \n",
       "    &lt;style&gt;html, body {width: 100%;height: 100%;margin: 0;padding: 0;}&lt;/style&gt;\n",
       "    &lt;style&gt;#map {position:absolute;top:0;bottom:0;right:0;left:0;}&lt;/style&gt;\n",
       "    &lt;script src=&quot;https://cdn.jsdelivr.net/npm/leaflet@1.9.3/dist/leaflet.js&quot;&gt;&lt;/script&gt;\n",
       "    &lt;script src=&quot;https://code.jquery.com/jquery-1.12.4.min.js&quot;&gt;&lt;/script&gt;\n",
       "    &lt;script src=&quot;https://cdn.jsdelivr.net/npm/bootstrap@5.2.2/dist/js/bootstrap.bundle.min.js&quot;&gt;&lt;/script&gt;\n",
       "    &lt;script src=&quot;https://cdnjs.cloudflare.com/ajax/libs/Leaflet.awesome-markers/2.0.2/leaflet.awesome-markers.js&quot;&gt;&lt;/script&gt;\n",
       "    &lt;link rel=&quot;stylesheet&quot; href=&quot;https://cdn.jsdelivr.net/npm/leaflet@1.9.3/dist/leaflet.css&quot;/&gt;\n",
       "    &lt;link rel=&quot;stylesheet&quot; href=&quot;https://cdn.jsdelivr.net/npm/bootstrap@5.2.2/dist/css/bootstrap.min.css&quot;/&gt;\n",
       "    &lt;link rel=&quot;stylesheet&quot; href=&quot;https://netdna.bootstrapcdn.com/bootstrap/3.0.0/css/bootstrap.min.css&quot;/&gt;\n",
       "    &lt;link rel=&quot;stylesheet&quot; href=&quot;https://cdn.jsdelivr.net/npm/@fortawesome/fontawesome-free@6.2.0/css/all.min.css&quot;/&gt;\n",
       "    &lt;link rel=&quot;stylesheet&quot; href=&quot;https://cdnjs.cloudflare.com/ajax/libs/Leaflet.awesome-markers/2.0.2/leaflet.awesome-markers.css&quot;/&gt;\n",
       "    &lt;link rel=&quot;stylesheet&quot; href=&quot;https://cdn.jsdelivr.net/gh/python-visualization/folium/folium/templates/leaflet.awesome.rotate.min.css&quot;/&gt;\n",
       "    \n",
       "            &lt;meta name=&quot;viewport&quot; content=&quot;width=device-width,\n",
       "                initial-scale=1.0, maximum-scale=1.0, user-scalable=no&quot; /&gt;\n",
       "            &lt;style&gt;\n",
       "                #map_d3b8f2d7b576a550fd6c9be19cb267ac {\n",
       "                    position: relative;\n",
       "                    width: 100.0%;\n",
       "                    height: 100.0%;\n",
       "                    left: 0.0%;\n",
       "                    top: 0.0%;\n",
       "                }\n",
       "                .leaflet-container { font-size: 1rem; }\n",
       "            &lt;/style&gt;\n",
       "        \n",
       "&lt;/head&gt;\n",
       "&lt;body&gt;\n",
       "    \n",
       "    \n",
       "            &lt;div class=&quot;folium-map&quot; id=&quot;map_d3b8f2d7b576a550fd6c9be19cb267ac&quot; &gt;&lt;/div&gt;\n",
       "        \n",
       "&lt;/body&gt;\n",
       "&lt;script&gt;\n",
       "    \n",
       "    \n",
       "            var map_d3b8f2d7b576a550fd6c9be19cb267ac = L.map(\n",
       "                &quot;map_d3b8f2d7b576a550fd6c9be19cb267ac&quot;,\n",
       "                {\n",
       "                    center: [39.48766, -97.594333],\n",
       "                    crs: L.CRS.EPSG3857,\n",
       "                    zoom: 0,\n",
       "                    zoomControl: true,\n",
       "                    preferCanvas: false,\n",
       "                }\n",
       "            );\n",
       "\n",
       "            \n",
       "\n",
       "        \n",
       "    \n",
       "            var tile_layer_9aee7a66f8457bb94178be9328d25afa = L.tileLayer(\n",
       "                &quot;https://{s}.tile.openstreetmap.org/{z}/{x}/{y}.png&quot;,\n",
       "                {&quot;attribution&quot;: &quot;Data by \\u0026copy; \\u003ca target=\\&quot;_blank\\&quot; href=\\&quot;http://openstreetmap.org\\&quot;\\u003eOpenStreetMap\\u003c/a\\u003e, under \\u003ca target=\\&quot;_blank\\&quot; href=\\&quot;http://www.openstreetmap.org/copyright\\&quot;\\u003eODbL\\u003c/a\\u003e.&quot;, &quot;detectRetina&quot;: false, &quot;maxNativeZoom&quot;: 18, &quot;maxZoom&quot;: 18, &quot;minZoom&quot;: 0, &quot;noWrap&quot;: false, &quot;opacity&quot;: 1, &quot;subdomains&quot;: &quot;abc&quot;, &quot;tms&quot;: false}\n",
       "            ).addTo(map_d3b8f2d7b576a550fd6c9be19cb267ac);\n",
       "        \n",
       "    \n",
       "            var marker_6ec4896d258ac67acc8d37e65b25781f = L.marker(\n",
       "                [40.6943, -73.9249],\n",
       "                {}\n",
       "            ).addTo(map_d3b8f2d7b576a550fd6c9be19cb267ac);\n",
       "        \n",
       "    \n",
       "            var icon_c54533f1d173f5343de8d4abb4534360 = L.AwesomeMarkers.icon(\n",
       "                {&quot;extraClasses&quot;: &quot;fa-rotate-0&quot;, &quot;icon&quot;: &quot;info-sign&quot;, &quot;iconColor&quot;: &quot;white&quot;, &quot;markerColor&quot;: &quot;red&quot;, &quot;prefix&quot;: &quot;glyphicon&quot;}\n",
       "            );\n",
       "            marker_6ec4896d258ac67acc8d37e65b25781f.setIcon(icon_c54533f1d173f5343de8d4abb4534360);\n",
       "        \n",
       "    \n",
       "            marker_6ec4896d258ac67acc8d37e65b25781f.bindTooltip(\n",
       "                `&lt;div&gt;\n",
       "                     Location: New York, Order: 0\n",
       "                 &lt;/div&gt;`,\n",
       "                {&quot;sticky&quot;: true}\n",
       "            );\n",
       "        \n",
       "    \n",
       "            var marker_8134b5113e9bf070cd5fe67a62b1a721 = L.marker(\n",
       "                [34.1139, -118.4068],\n",
       "                {}\n",
       "            ).addTo(map_d3b8f2d7b576a550fd6c9be19cb267ac);\n",
       "        \n",
       "    \n",
       "            marker_8134b5113e9bf070cd5fe67a62b1a721.bindTooltip(\n",
       "                `&lt;div&gt;\n",
       "                     Location: Los Angeles, Order: 1\n",
       "                 &lt;/div&gt;`,\n",
       "                {&quot;sticky&quot;: true}\n",
       "            );\n",
       "        \n",
       "    \n",
       "            var marker_0c00b59bf1e99f942b8c302bfc26d4e4 = L.marker(\n",
       "                [41.8373, -87.6862],\n",
       "                {}\n",
       "            ).addTo(map_d3b8f2d7b576a550fd6c9be19cb267ac);\n",
       "        \n",
       "    \n",
       "            marker_0c00b59bf1e99f942b8c302bfc26d4e4.bindTooltip(\n",
       "                `&lt;div&gt;\n",
       "                     Location: Chicago, Order: 2\n",
       "                 &lt;/div&gt;`,\n",
       "                {&quot;sticky&quot;: true}\n",
       "            );\n",
       "        \n",
       "    \n",
       "            var marker_d8806015830b6de1a5b46df631d8072e = L.marker(\n",
       "                [25.7839, -80.2102],\n",
       "                {}\n",
       "            ).addTo(map_d3b8f2d7b576a550fd6c9be19cb267ac);\n",
       "        \n",
       "    \n",
       "            marker_d8806015830b6de1a5b46df631d8072e.bindTooltip(\n",
       "                `&lt;div&gt;\n",
       "                     Location: Miami, Order: 3\n",
       "                 &lt;/div&gt;`,\n",
       "                {&quot;sticky&quot;: true}\n",
       "            );\n",
       "        \n",
       "    \n",
       "            var marker_43a4fcbc0dbd5a8ff7c0caae0e6ae2cd = L.marker(\n",
       "                [32.7936, -96.7662],\n",
       "                {}\n",
       "            ).addTo(map_d3b8f2d7b576a550fd6c9be19cb267ac);\n",
       "        \n",
       "    \n",
       "            marker_43a4fcbc0dbd5a8ff7c0caae0e6ae2cd.bindTooltip(\n",
       "                `&lt;div&gt;\n",
       "                     Location: Dallas, Order: 4\n",
       "                 &lt;/div&gt;`,\n",
       "                {&quot;sticky&quot;: true}\n",
       "            );\n",
       "        \n",
       "    \n",
       "            var marker_b544d4cec20cd95d0c4fb158a86ecbbc = L.marker(\n",
       "                [40.0077, -75.1339],\n",
       "                {}\n",
       "            ).addTo(map_d3b8f2d7b576a550fd6c9be19cb267ac);\n",
       "        \n",
       "    \n",
       "            marker_b544d4cec20cd95d0c4fb158a86ecbbc.bindTooltip(\n",
       "                `&lt;div&gt;\n",
       "                     Location: Philadelphia, Order: 5\n",
       "                 &lt;/div&gt;`,\n",
       "                {&quot;sticky&quot;: true}\n",
       "            );\n",
       "        \n",
       "    \n",
       "            var marker_22fcf0451d5aa9d19dba47649642d23d = L.marker(\n",
       "                [29.7863, -95.3889],\n",
       "                {}\n",
       "            ).addTo(map_d3b8f2d7b576a550fd6c9be19cb267ac);\n",
       "        \n",
       "    \n",
       "            marker_22fcf0451d5aa9d19dba47649642d23d.bindTooltip(\n",
       "                `&lt;div&gt;\n",
       "                     Location: Houston, Order: 6\n",
       "                 &lt;/div&gt;`,\n",
       "                {&quot;sticky&quot;: true}\n",
       "            );\n",
       "        \n",
       "    \n",
       "            var marker_fa65dbc3614e6024cc40178e67a4ed12 = L.marker(\n",
       "                [33.7627, -84.4224],\n",
       "                {}\n",
       "            ).addTo(map_d3b8f2d7b576a550fd6c9be19cb267ac);\n",
       "        \n",
       "    \n",
       "            marker_fa65dbc3614e6024cc40178e67a4ed12.bindTooltip(\n",
       "                `&lt;div&gt;\n",
       "                     Location: Atlanta, Order: 7\n",
       "                 &lt;/div&gt;`,\n",
       "                {&quot;sticky&quot;: true}\n",
       "            );\n",
       "        \n",
       "    \n",
       "            var marker_8283b562b4a92971e2ebaac30277b554 = L.marker(\n",
       "                [38.9047, -77.0163],\n",
       "                {}\n",
       "            ).addTo(map_d3b8f2d7b576a550fd6c9be19cb267ac);\n",
       "        \n",
       "    \n",
       "            marker_8283b562b4a92971e2ebaac30277b554.bindTooltip(\n",
       "                `&lt;div&gt;\n",
       "                     Location: Washington, Order: 8\n",
       "                 &lt;/div&gt;`,\n",
       "                {&quot;sticky&quot;: true}\n",
       "            );\n",
       "        \n",
       "    \n",
       "            var marker_d41c937eb914076739f21a43c120ed1e = L.marker(\n",
       "                [42.3188, -71.0846],\n",
       "                {}\n",
       "            ).addTo(map_d3b8f2d7b576a550fd6c9be19cb267ac);\n",
       "        \n",
       "    \n",
       "            marker_d41c937eb914076739f21a43c120ed1e.bindTooltip(\n",
       "                `&lt;div&gt;\n",
       "                     Location: Boston, Order: 9\n",
       "                 &lt;/div&gt;`,\n",
       "                {&quot;sticky&quot;: true}\n",
       "            );\n",
       "        \n",
       "    \n",
       "            var marker_41b44fb5e7c6fec18f810bb89a6e48ab = L.marker(\n",
       "                [33.5722, -112.0891],\n",
       "                {}\n",
       "            ).addTo(map_d3b8f2d7b576a550fd6c9be19cb267ac);\n",
       "        \n",
       "    \n",
       "            marker_41b44fb5e7c6fec18f810bb89a6e48ab.bindTooltip(\n",
       "                `&lt;div&gt;\n",
       "                     Location: Phoenix, Order: 10\n",
       "                 &lt;/div&gt;`,\n",
       "                {&quot;sticky&quot;: true}\n",
       "            );\n",
       "        \n",
       "    \n",
       "            var marker_abe5db3384fc76e5e46e426ebb426212 = L.marker(\n",
       "                [47.6211, -122.3244],\n",
       "                {}\n",
       "            ).addTo(map_d3b8f2d7b576a550fd6c9be19cb267ac);\n",
       "        \n",
       "    \n",
       "            marker_abe5db3384fc76e5e46e426ebb426212.bindTooltip(\n",
       "                `&lt;div&gt;\n",
       "                     Location: Seattle, Order: 11\n",
       "                 &lt;/div&gt;`,\n",
       "                {&quot;sticky&quot;: true}\n",
       "            );\n",
       "        \n",
       "    \n",
       "            var marker_355446feb92240e1f0d0bef3cb3258d5 = L.marker(\n",
       "                [37.7562, -122.443],\n",
       "                {}\n",
       "            ).addTo(map_d3b8f2d7b576a550fd6c9be19cb267ac);\n",
       "        \n",
       "    \n",
       "            marker_355446feb92240e1f0d0bef3cb3258d5.bindTooltip(\n",
       "                `&lt;div&gt;\n",
       "                     Location: San Francisco, Order: 12\n",
       "                 &lt;/div&gt;`,\n",
       "                {&quot;sticky&quot;: true}\n",
       "            );\n",
       "        \n",
       "    \n",
       "            var marker_1e0066c90cb270324c6e61d15c6f76e8 = L.marker(\n",
       "                [42.3834, -83.1024],\n",
       "                {}\n",
       "            ).addTo(map_d3b8f2d7b576a550fd6c9be19cb267ac);\n",
       "        \n",
       "    \n",
       "            marker_1e0066c90cb270324c6e61d15c6f76e8.bindTooltip(\n",
       "                `&lt;div&gt;\n",
       "                     Location: Detroit, Order: 13\n",
       "                 &lt;/div&gt;`,\n",
       "                {&quot;sticky&quot;: true}\n",
       "            );\n",
       "        \n",
       "    \n",
       "            var marker_86025ca82fcdb1e7f6fe6973b0fb50a5 = L.marker(\n",
       "                [32.8312, -117.1225],\n",
       "                {}\n",
       "            ).addTo(map_d3b8f2d7b576a550fd6c9be19cb267ac);\n",
       "        \n",
       "    \n",
       "            marker_86025ca82fcdb1e7f6fe6973b0fb50a5.bindTooltip(\n",
       "                `&lt;div&gt;\n",
       "                     Location: San Diego, Order: 14\n",
       "                 &lt;/div&gt;`,\n",
       "                {&quot;sticky&quot;: true}\n",
       "            );\n",
       "        \n",
       "    \n",
       "            var poly_line_13b4c1e18744bde5ed91a37e0a0e6bfa = L.polyline(\n",
       "                [[40.6943, -73.9249], [25.7839, -80.2102]],\n",
       "                {&quot;bubblingMouseEvents&quot;: true, &quot;color&quot;: &quot;blue&quot;, &quot;dashArray&quot;: null, &quot;dashOffset&quot;: null, &quot;fill&quot;: false, &quot;fillColor&quot;: &quot;blue&quot;, &quot;fillOpacity&quot;: 0.2, &quot;fillRule&quot;: &quot;evenodd&quot;, &quot;lineCap&quot;: &quot;round&quot;, &quot;lineJoin&quot;: &quot;round&quot;, &quot;noClip&quot;: false, &quot;opacity&quot;: 1.0, &quot;smoothFactor&quot;: 1.0, &quot;stroke&quot;: true, &quot;weight&quot;: 3}\n",
       "            ).addTo(map_d3b8f2d7b576a550fd6c9be19cb267ac);\n",
       "        \n",
       "    \n",
       "            var poly_line_6d968f1780ab8e644f57ba5692085110 = L.polyline(\n",
       "                [[40.6943, -73.9249], [38.9047, -77.0163]],\n",
       "                {&quot;bubblingMouseEvents&quot;: true, &quot;color&quot;: &quot;blue&quot;, &quot;dashArray&quot;: null, &quot;dashOffset&quot;: null, &quot;fill&quot;: false, &quot;fillColor&quot;: &quot;blue&quot;, &quot;fillOpacity&quot;: 0.2, &quot;fillRule&quot;: &quot;evenodd&quot;, &quot;lineCap&quot;: &quot;round&quot;, &quot;lineJoin&quot;: &quot;round&quot;, &quot;noClip&quot;: false, &quot;opacity&quot;: 1.0, &quot;smoothFactor&quot;: 1.0, &quot;stroke&quot;: true, &quot;weight&quot;: 3}\n",
       "            ).addTo(map_d3b8f2d7b576a550fd6c9be19cb267ac);\n",
       "        \n",
       "    \n",
       "            var poly_line_f55968e54482c33c4e5c62db8ea126fd = L.polyline(\n",
       "                [[40.6943, -73.9249], [42.3188, -71.0846]],\n",
       "                {&quot;bubblingMouseEvents&quot;: true, &quot;color&quot;: &quot;blue&quot;, &quot;dashArray&quot;: null, &quot;dashOffset&quot;: null, &quot;fill&quot;: false, &quot;fillColor&quot;: &quot;blue&quot;, &quot;fillOpacity&quot;: 0.2, &quot;fillRule&quot;: &quot;evenodd&quot;, &quot;lineCap&quot;: &quot;round&quot;, &quot;lineJoin&quot;: &quot;round&quot;, &quot;noClip&quot;: false, &quot;opacity&quot;: 1.0, &quot;smoothFactor&quot;: 1.0, &quot;stroke&quot;: true, &quot;weight&quot;: 3}\n",
       "            ).addTo(map_d3b8f2d7b576a550fd6c9be19cb267ac);\n",
       "        \n",
       "    \n",
       "            var poly_line_00602457f4159e7d441e691736a335c6 = L.polyline(\n",
       "                [[34.1139, -118.4068], [47.6211, -122.3244]],\n",
       "                {&quot;bubblingMouseEvents&quot;: true, &quot;color&quot;: &quot;blue&quot;, &quot;dashArray&quot;: null, &quot;dashOffset&quot;: null, &quot;fill&quot;: false, &quot;fillColor&quot;: &quot;blue&quot;, &quot;fillOpacity&quot;: 0.2, &quot;fillRule&quot;: &quot;evenodd&quot;, &quot;lineCap&quot;: &quot;round&quot;, &quot;lineJoin&quot;: &quot;round&quot;, &quot;noClip&quot;: false, &quot;opacity&quot;: 1.0, &quot;smoothFactor&quot;: 1.0, &quot;stroke&quot;: true, &quot;weight&quot;: 3}\n",
       "            ).addTo(map_d3b8f2d7b576a550fd6c9be19cb267ac);\n",
       "        \n",
       "    \n",
       "            var poly_line_ece5e51b0454e486ba42f78780926f1b = L.polyline(\n",
       "                [[41.8373, -87.6862], [40.6943, -73.9249]],\n",
       "                {&quot;bubblingMouseEvents&quot;: true, &quot;color&quot;: &quot;blue&quot;, &quot;dashArray&quot;: null, &quot;dashOffset&quot;: null, &quot;fill&quot;: false, &quot;fillColor&quot;: &quot;blue&quot;, &quot;fillOpacity&quot;: 0.2, &quot;fillRule&quot;: &quot;evenodd&quot;, &quot;lineCap&quot;: &quot;round&quot;, &quot;lineJoin&quot;: &quot;round&quot;, &quot;noClip&quot;: false, &quot;opacity&quot;: 1.0, &quot;smoothFactor&quot;: 1.0, &quot;stroke&quot;: true, &quot;weight&quot;: 3}\n",
       "            ).addTo(map_d3b8f2d7b576a550fd6c9be19cb267ac);\n",
       "        \n",
       "    \n",
       "            var poly_line_ae6c853fd87f21ac62837050647a60af = L.polyline(\n",
       "                [[25.7839, -80.2102], [33.7627, -84.4224]],\n",
       "                {&quot;bubblingMouseEvents&quot;: true, &quot;color&quot;: &quot;blue&quot;, &quot;dashArray&quot;: null, &quot;dashOffset&quot;: null, &quot;fill&quot;: false, &quot;fillColor&quot;: &quot;blue&quot;, &quot;fillOpacity&quot;: 0.2, &quot;fillRule&quot;: &quot;evenodd&quot;, &quot;lineCap&quot;: &quot;round&quot;, &quot;lineJoin&quot;: &quot;round&quot;, &quot;noClip&quot;: false, &quot;opacity&quot;: 1.0, &quot;smoothFactor&quot;: 1.0, &quot;stroke&quot;: true, &quot;weight&quot;: 3}\n",
       "            ).addTo(map_d3b8f2d7b576a550fd6c9be19cb267ac);\n",
       "        \n",
       "    \n",
       "            var poly_line_6f47ac457e36c2cdf4af67404efac1d8 = L.polyline(\n",
       "                [[32.7936, -96.7662], [41.8373, -87.6862]],\n",
       "                {&quot;bubblingMouseEvents&quot;: true, &quot;color&quot;: &quot;blue&quot;, &quot;dashArray&quot;: null, &quot;dashOffset&quot;: null, &quot;fill&quot;: false, &quot;fillColor&quot;: &quot;blue&quot;, &quot;fillOpacity&quot;: 0.2, &quot;fillRule&quot;: &quot;evenodd&quot;, &quot;lineCap&quot;: &quot;round&quot;, &quot;lineJoin&quot;: &quot;round&quot;, &quot;noClip&quot;: false, &quot;opacity&quot;: 1.0, &quot;smoothFactor&quot;: 1.0, &quot;stroke&quot;: true, &quot;weight&quot;: 3}\n",
       "            ).addTo(map_d3b8f2d7b576a550fd6c9be19cb267ac);\n",
       "        \n",
       "    \n",
       "            var poly_line_cfab40feb6257b789069f8862123a1d2 = L.polyline(\n",
       "                [[40.0077, -75.1339], [40.6943, -73.9249]],\n",
       "                {&quot;bubblingMouseEvents&quot;: true, &quot;color&quot;: &quot;blue&quot;, &quot;dashArray&quot;: null, &quot;dashOffset&quot;: null, &quot;fill&quot;: false, &quot;fillColor&quot;: &quot;blue&quot;, &quot;fillOpacity&quot;: 0.2, &quot;fillRule&quot;: &quot;evenodd&quot;, &quot;lineCap&quot;: &quot;round&quot;, &quot;lineJoin&quot;: &quot;round&quot;, &quot;noClip&quot;: false, &quot;opacity&quot;: 1.0, &quot;smoothFactor&quot;: 1.0, &quot;stroke&quot;: true, &quot;weight&quot;: 3}\n",
       "            ).addTo(map_d3b8f2d7b576a550fd6c9be19cb267ac);\n",
       "        \n",
       "    \n",
       "            var poly_line_a76082e6806d55c98829d040724eef7c = L.polyline(\n",
       "                [[29.7863, -95.3889], [33.5722, -112.0891]],\n",
       "                {&quot;bubblingMouseEvents&quot;: true, &quot;color&quot;: &quot;blue&quot;, &quot;dashArray&quot;: null, &quot;dashOffset&quot;: null, &quot;fill&quot;: false, &quot;fillColor&quot;: &quot;blue&quot;, &quot;fillOpacity&quot;: 0.2, &quot;fillRule&quot;: &quot;evenodd&quot;, &quot;lineCap&quot;: &quot;round&quot;, &quot;lineJoin&quot;: &quot;round&quot;, &quot;noClip&quot;: false, &quot;opacity&quot;: 1.0, &quot;smoothFactor&quot;: 1.0, &quot;stroke&quot;: true, &quot;weight&quot;: 3}\n",
       "            ).addTo(map_d3b8f2d7b576a550fd6c9be19cb267ac);\n",
       "        \n",
       "    \n",
       "            var poly_line_d3ee28988f29e758145cc849bb2c769c = L.polyline(\n",
       "                [[33.7627, -84.4224], [29.7863, -95.3889]],\n",
       "                {&quot;bubblingMouseEvents&quot;: true, &quot;color&quot;: &quot;blue&quot;, &quot;dashArray&quot;: null, &quot;dashOffset&quot;: null, &quot;fill&quot;: false, &quot;fillColor&quot;: &quot;blue&quot;, &quot;fillOpacity&quot;: 0.2, &quot;fillRule&quot;: &quot;evenodd&quot;, &quot;lineCap&quot;: &quot;round&quot;, &quot;lineJoin&quot;: &quot;round&quot;, &quot;noClip&quot;: false, &quot;opacity&quot;: 1.0, &quot;smoothFactor&quot;: 1.0, &quot;stroke&quot;: true, &quot;weight&quot;: 3}\n",
       "            ).addTo(map_d3b8f2d7b576a550fd6c9be19cb267ac);\n",
       "        \n",
       "    \n",
       "            var poly_line_3d2364e2ee397102c9a9ba91fb9c96ee = L.polyline(\n",
       "                [[38.9047, -77.0163], [42.3834, -83.1024]],\n",
       "                {&quot;bubblingMouseEvents&quot;: true, &quot;color&quot;: &quot;blue&quot;, &quot;dashArray&quot;: null, &quot;dashOffset&quot;: null, &quot;fill&quot;: false, &quot;fillColor&quot;: &quot;blue&quot;, &quot;fillOpacity&quot;: 0.2, &quot;fillRule&quot;: &quot;evenodd&quot;, &quot;lineCap&quot;: &quot;round&quot;, &quot;lineJoin&quot;: &quot;round&quot;, &quot;noClip&quot;: false, &quot;opacity&quot;: 1.0, &quot;smoothFactor&quot;: 1.0, &quot;stroke&quot;: true, &quot;weight&quot;: 3}\n",
       "            ).addTo(map_d3b8f2d7b576a550fd6c9be19cb267ac);\n",
       "        \n",
       "    \n",
       "            var poly_line_5a6c87f382d59ea4ffabfbaeb68ef664 = L.polyline(\n",
       "                [[42.3188, -71.0846], [40.6943, -73.9249]],\n",
       "                {&quot;bubblingMouseEvents&quot;: true, &quot;color&quot;: &quot;blue&quot;, &quot;dashArray&quot;: null, &quot;dashOffset&quot;: null, &quot;fill&quot;: false, &quot;fillColor&quot;: &quot;blue&quot;, &quot;fillOpacity&quot;: 0.2, &quot;fillRule&quot;: &quot;evenodd&quot;, &quot;lineCap&quot;: &quot;round&quot;, &quot;lineJoin&quot;: &quot;round&quot;, &quot;noClip&quot;: false, &quot;opacity&quot;: 1.0, &quot;smoothFactor&quot;: 1.0, &quot;stroke&quot;: true, &quot;weight&quot;: 3}\n",
       "            ).addTo(map_d3b8f2d7b576a550fd6c9be19cb267ac);\n",
       "        \n",
       "    \n",
       "            var poly_line_a5d95cde43f35bae47adbfb224abeecc = L.polyline(\n",
       "                [[33.5722, -112.0891], [34.1139, -118.4068]],\n",
